45,11

5
13,4,1,7,1,路人,说,1,0
15,12,1,5,1,？？？,说,3,0
9,18,1,3,1,丁云,说,7,0
12,17,0,1,1,白公子,说,0,0
17,12,0,5,1,？？？,说,3,0
34
9,4,9,14
12,4,21,22
8,3,3,4,1,0
7,3,19,2,2,0
3,3,23,4,2,0
8,3,10,7,3,0
6,3,18,9,3,0
6,3,6,13,4,0
7,3,12,15,5,0
3,3,11,20,6,0
6,3,3,20,7,0
7,3,7,22,7,0
7,3,15,22,8,0
8,3,3,4,25,1
7,3,19,2,25,1
7,3,23,4,25,1
8,3,10,7,26,1
3,3,18,9,26,1
6,3,6,13,26,1
7,3,12,15,27,1
8,3,15,18,27,1
8,3,11,20,27,1
6,3,3,20,28,1
3,3,7,22,28,1
7,3,15,22,28,1
18,3,20,7,27,1
16,3,11,18,28,1
1,1,8,11,100,0
3,1,17,4,12,0
3,1,1,22,12,0
3,1,19,12,13,0
0,0,22,7
0,0,18,15
5,5,14,13
3
7,0,0,0,2,1,0,0,17,0,0
23,22,0,0,2,4,0,0,30,0,0
4,11,0,0,2,3,0,0,42,0,0
