44,11

10
8,5,1,4,1,任长空,说,8,0
6,5,1,8,1,师爷,说,0,0
12,9,0,4,1,任长空,说,0,0
14,9,0,8,1,师爷,说,0,0
23,8,0,8,1,师爷,说,0,0
22,9,0,4,1,任长空,说,0,0
8,15,0,4,1,任长空,说,0,0
10,15,0,8,1,师爷,说,0,0
4,19,0,5,1,朱义德,说,10,0
6,17,0,5,1,朱义德,说,10,0
28
9,4,10,3
12,4,18,19
6,3,17,2,7,0
6,3,5,10,7,0
7,3,14,11,5,0
8,3,19,6,5,0
3,3,22,11,9,0
7,3,18,15,9,0
7,3,10,19,10,0
6,3,17,2,28,1
8,3,7,6,28,1
6,3,5,10,29,1
7,3,8,13,29,1
3,3,14,11,29,1
8,3,19,6,30,1
6,3,20,9,30,1
8,3,22,11,30,1
7,3,18,15,31,1
6,3,7,16,31,1
7,3,10,19,31,1
18,3,13,8,30,1
3,1,15,2,13,0
3,1,1,10,12,0
3,1,16,11,13,0
4,1,5,12,0,0
1,1,12,19,100,0
5,5,14,15
0,0,21,2
3
5,2,0,0,2,3,1,0,25,0,0
20,19,0,0,2,4,0,0,37,0,0
21,0,0,0,2,1,0,0,43,0,0
