30,11

7
3,6,1,7,1,家丁,后院还在修缮中，大小姐您最好别进去。,0,0
18,5,0,10,1,熊,说,0,0
22,5,0,6,1,白练瑜,说,0,0
20,5,0,0,1,冯玉娇,说,25,0
23,4,0,9,1,武林人甲,说,0,0
21,4,0,7,1,武林人乙,说,0,0
19,4,0,8,1,武林人丙,说,0,0
18
8,3,7,8,18,0
8,3,7,12,19,0
3,3,10,15,20,0
8,3,22,15,20,0
8,3,23,10,21,0
8,3,16,11,22,0
8,3,7,8,34,1
8,3,7,12,34,1
8,3,10,15,34,1
3,3,22,15,35,1
8,3,23,10,35,1
8,3,16,11,35,1
17,3,20,7,35,1
4,1,11,12,0,0
3,1,18,15,4,0
2,2,23,12
5,5,21,10
0,0,8,7
2
6,3,0,0,2,1,1,0,8,0,0
1,12,0,0,2,3,0,0,45,0,0
