34,11

5
6,3,1,7,1,追兵,说,10,0
6,5,0,8,1,师爷,说,0,0
4,5,0,3,1,丁云,说,0,0
19,10,0,8,1,师爷,说,0,0
15,12,0,3,1,丁云,说,0,0
24
11,4,20,1
8,3,11,12,9,0
6,3,23,8,9,0
7,3,22,5,9,0
7,3,15,8,10,0
3,3,13,6,10,0
6,3,5,8,11,0
7,3,10,5,11,0
6,3,16,3,12,0
8,3,11,12,27,1
6,3,23,8,27,1
7,3,22,5,28,1
3,3,15,8,28,1
6,3,13,6,28,1
6,3,5,8,29,1
7,3,10,5,29,1
6,3,16,3,29,1
3,1,21,10,13,0
3,1,26,5,13,0
2,2,18,5
4,1,12,3,0,0
1,1,18,3,100,0
0,0,1,8
5,5,17,12
2
21,0,0,0,2,1,0,0,36,0,0
3,12,0,0,2,3,0,0,28,0,0
