33,11

10
10,2,1,2,1,李珠儿,说,12,0
10,8,1,6,1,白练瑜,师兄真厉害，竟然把白姑娘都打败了。,0,0
11,9,0,4,1,任长空,……,15,0
14,10,0,3,1,丁云,哎呀，有好戏看啦！,0,0
12,10,0,8,1,师爷,白小姐，请体谅一下我们堡主的心情吧。,0,0
14,6,0,0,1,冯玉娇,说,14,0
9,9,1,9,1,路人乙,这比武招亲可真是精彩哪！,0,0
10,10,1,7,1,路人甲,白家小姐可是难得一见的美人！,0,0
13,9,0,5,1,朱义德,白姑娘，我在前面的鹿台镇等你。,20,0
14,8,0,7,1,许师弟,白姑娘，你真的要和师兄一起去闯荡江湖吗？,0,0
16
9,4,13,7
9,4,2,12
10,4,7,9
7,3,12,0,10,0
7,3,13,5,11,0
7,3,12,0,31,1
6,3,8,2,31,1
7,3,13,5,31,1
8,16,10,32,1
3,3,11,13,32,1
6,3,4,10,32,1
15,3,12,8,32,1
3,1,17,5,13,0
3,1,9,3,13,0
5,5,18,8
0,0,10,4
4
20,0,0,0,2,4,0,0,29,0,0
1,13,0,0,2,3,0,0,15,0,0
19,13,0,0,2,4,0,0,33,0,0
21,5,0,0,2,4,0,0,44,0,0
