104,5
;STATE,NEXT,COND,PARAM
0,4,1,10
0,2,8,20,20
0,3,8,20,30
0,1,0,90
4,0,0,80
4,0,2
2,4,1,100
3,4,1,100
1,17,11
1,18,12
1,5,4,40
1,19,4,60
1,10,4,63
1,7,5,35
1,8,5,50
1,9,5,60
1,10,5,63
1,21,5,80
17,1,0,85
17,0,0,100
18,1,0,85
18,0,0,100
5,26,0,100
26,1,3,100
26,1,5,100
26,12,7,15
26,1,0,25
12,6,0,100
6,0,2
6,0,6,5

19,20,0,100
10,16,0,100
7,13,0,100
8,14,0,100
9,15,0,100
21,22,0,100

20,20,10
20,0,12,25
20,19,4,15
20,8,4,20
20,10,4,23
20,7,5,30
20,10,5,33
20,8,5,55
20,9,5,70
20,21,5,80
20,0,0,100

13,13,10
13,19,4,25
13,10,4,28
13,7,5,35
13,10,5,38
13,8,5,60
13,9,5,80
13,21,5,90
13,0,0,100

14,14,10
14,19,4,25
14,10,4,28
14,7,4,35
14,12,4,30
14,7,5,30
14,10,5,33
14,8,5,45
14,9,5,60
14,21,5,75
14,0,0,100

15,15,10
15,19,4,15
15,10,4,18
15,8,4,30
15,7,5,30
15,10,5,33
15,8,5,50
15,9,5,60
15,21,5,80
15,0,0,100

16,16,10
16,1,13,75
16,0,13,100
16,0,5,5

22,22,10
22,19,4,25
22,10,4,28
22,7,5,30
22,10,5,33
22,8,5,55
22,9,5,70

11,11,10
11,12,8,30,20
11,1,0,85
11,0,0,100
24,21,0,70
23,21,0,70
23,1,0,100

25,25,10
25,19,4,15
25,10,4,18
25,7,5,20
25,10,5,23
25,8,5,45
25,9,5,55
25,21,5,70
25,0,0,100
