50,5
;STATE,NEXT,COND,PARAM
0,4,1,20
0,2,8,50,30
0,3,8,50,40
0,1,0,90
4,0,0,35
4,0,2
2,4,1,100
3,4,1,100
1,17,11
1,18,12
1,5,4,60
1,7,4,80
1,19,4,100
1,7,5,55
1,8,5,100
17,1,0,70
17,0,0,100
18,1,0,70
18,0,0,100
5,26,0,100
26,1,3,100
26,1,5,100
26,12,7,25
26,1,0,15
12,6,0,100
6,1,2
6,1,6,5

19,20,0,100
7,13,0,100
8,14,0,100

20,20,10
20,19,4,30
20,7,5,40
20,8,5,80
20,1,0,90

13,13,10
13,19,4,30
13,7,5,60
13,8,5,85
13,1,0,90

14,14,10
14,19,4,40
14,7,4,42
14,7,5,40
14,8,5,80
14,1,0,90

11,12,8,30,50
11,1,0,90
11,0,0,100
23,1,0,100
