45,13

1,4,1,0,68,24,79,31,12,0,t1
1,4,1,0,0,24,79,31,18,0,t1
1,4,1,0,-68,24,79,31,20,0,t2
1,1,0,0,164,125,67,20,0
1,2,0,0,15,155,30,19,0,0,yy
1,2,0,0,60,155,30,19,0,0,yy
1,2,0,0,105,155,30,19,0,0,yy
1,2,0,0,150,155,30,19,0,0,yy
1,2,0,0,195,155,30,19,0,0,yy
1,2,0,0,15,150,24,20,0,0,fc
1,2,0,0,60,150,24,20,0,0,bs
1,2,0,0,105,150,24,20,0,0,tb
1,2,0,0,150,150,24,20,0,0,my
1,2,0,0,195,150,24,20,0,0,jz
1,2,0,0,170,55,67,69,0,0,null;Í·Ïñ14
1,2,0,2,8,-15,84,16,0,2,z3
1,2,0,2,18,-17,15,13,0,0,g
1,2,0,2,36,-19,49,9,0,0,null
1,2,2,0,-9,105,19,19,0,0,null;buff18
1,2,0,0,30,186,29,25,0,0,s1
1,2,0,0,20,215,29,25,0,0,s2
1,2,0,0,20,244,29,25,0,0,s3
3,1,0,0,60,190,165,90,0
1,2,1,0,0,180,17,10,0,0,a2
1,2,1,2,0,-40,17,10,0,0,a8

1,1,0,0,12,60,40,20,29
1,1,0,0,12,80,40,20,16
1,1,0,0,12,100,40,20,30
1,1,0,0,12,120,40,20,31

1,2,0,0,102,66,66,8,0,0,null
1,2,0,0,102,86,42,8,0,0,null
1,2,0,0,102,106,42,8,0,0,null
1,2,0,0,102,126,24,8,0,0,null

1,3,0,0,53,87,45,6,0,0,192,192,192
1,3,0,0,53,107,45,6,0,0,192,192,192
1,3,0,0,53,127,45,6,0,0,192,192,192

4,3,0,0,53,67,45,6,0,0,173,189,0
4,3,0,0,53,67,45,6,0,0,254,253,0
4,3,0,0,53,87,45,6,0,0,249,0,7
4,3,0,0,53,107,45,6,0,0,29,0,254
4,3,0,0,53,127,45,6,0,0,254,0,251

4,3,0,0,52,67,46,6,0,3,92,48,205
1,3,0,0,52,87,46,6,0,3,92,48,205
1,3,0,0,52,107,46,6,0,3,92,48,205
1,3,0,0,52,127,46,6,0,3,92,48,205
