23,13

1,2,1,0,0,60,150,14,0,1,r1
1,2,1,0,-81,57,12,111,0,2,r2
1,2,1,0,81,57,12,111,0,0,r2
1,2,1,0,-81,163,12,111,0,2,r3
1,2,1,0,81,163,12,111,0,0,r3
1,2,1,0,0,260,150,14,0,0,r1
1,3,1,0,0,74,150,186,0,0,255,255,255
1,2,1,0,0,262,16,15,0,0,b5

1,1,0,0,50,75,64,20,0;名字8
1,1,0,0,60,97,40,20,13
1,1,0,0,100,97,30,20,0;等级10
1,2,0,0,135,97,24,14,0,0,jt
1,1,0,0,160,97,30,20,0;等级12

1,1,0,0,60,119,40,20,16
1,1,0,0,100,119,30,20,0;攻击14
1,2,0,0,135,119,24,14,0,0,jt
1,1,0,0,160,119,30,20,0;攻击16

1,1,0,0,50,142,84,20,15;升级需要

1,1,0,0,60,164,40,20,14
1,1,0,0,100,164,90,20,0;熟练19

1,1,0,0,60,186,40,20,135
1,1,0,0,100,186,90,20,0;花费21

3,1,0,0,48,208,145,55,0
