42,13

1,4,2,0,-10,44,79,31,186,0,k0
1,4,2,0,-57,44,79,31,34,0,t1
1,4,2,0,-104,44,79,31,108,0,t2
1,3,1,0,0,75,240,210,0,2,113,75,224
1,3,1,0,0,75,238,210,0,0,223,229,247
1,3,1,0,0,243,240,41,0,0,200,205,237
3,1,1,0,0,250,200,50,0

1,1,0,0,30,75,24,20,18
1,1,0,0,130,75,24,20,35
1,1,0,0,184,75,24,20,36

1,2,1,0,0,116,195,5,0,0,ud
1,2,1,0,0,144,195,5,0,0,ud
1,2,1,0,0,172,195,5,0,0,ud
1,2,1,0,0,200,195,5,0,0,ud
1,2,1,0,0,228,195,5,0,0,ud

2,2,1,0,0,96,220,35,0,0,null,sl0
2,2,1,0,0,124,220,35,0,0,null,sl0
2,2,1,0,0,152,220,35,0,0,null,sl0
2,2,1,0,0,180,220,35,0,0,null,sl0
2,2,1,0,0,208,220,35,0,0,null,sl0

1,2,0,0,30,103,24,20,0,0,null
1,2,0,0,30,131,24,20,0,0,null
1,2,0,0,30,159,24,20,0,0,null
1,2,0,0,30,187,24,20,0,0,null
1,2,0,0,30,215,24,20,0,0,null

1,1,0,0,55,103,75,20,0
1,1,0,0,55,131,75,20,0
1,1,0,0,55,159,75,20,0
1,1,0,0,55,187,75,20,0
1,1,0,0,55,215,75,20,0

1,1,0,0,130,103,24,20,0
1,1,0,0,130,131,24,20,0
1,1,0,0,130,159,24,20,0
1,1,0,0,130,187,24,20,0
1,1,0,0,130,215,24,20,0

1,1,0,0,184,103,24,20,0
1,1,0,0,184,131,24,20,0
1,1,0,0,184,159,24,20,0
1,1,0,0,184,187,24,20,0
1,1,0,0,184,215,24,20,0

1,2,1,0,0,86,17,10,0,0,a2
1,2,1,0,0,242,17,10,0,0,a8
