18,13

1,2,1,0,0,60,150,14,0,1,r1
1,2,1,0,-81,57,12,111,0,2,r2
1,2,1,0,81,57,12,111,0,0,r2
1,2,1,0,-81,163,12,111,0,2,r3
1,2,1,0,81,163,12,111,0,0,r3
1,2,1,0,0,260,150,14,0,0,r1
1,3,1,0,0,74,150,186,0,0,255,255,255
1,2,1,0,0,262,16,15,0,0,b5

1,2,1,0,0,85,103,28,0,0,sl
1,1,0,0,55,130,80,20,107

1,1,0,0,60,155,60,20,135
1,1,0,0,60,180,60,20,31

1,1,0,0,120,155,60,20,0;12
1,1,0,0,120,180,60,20,0
1,2,0,0,78,205,24,20,0,0,null
1,1,0,0,120,205,60,20,0;15
1,2,0,0,78,230,24,20,0,0,null
1,1,0,0,120,230,60,20,0
