26,13

1,3,1,1,0,0,188,94,0,1,255,255,255
1,2,1,1,-48,-42,97,15,0,0,fr2
1,2,1,1,48,-42,97,15,0,2,fr2
1,2,1,1,-48,42,97,15,0,1,fr2
1,2,1,1,48,42,97,15,0,3,fr2
1,2,1,1,-95,-9,3,55,0,0,fr3
1,2,1,1,95,-9,3,55,0,2,fr3
1,2,1,1,-95,7,3,55,0,0,fr3
1,2,1,1,95,7,3,55,0,2,fr3

3,1,1,1,0,-30,180,25,0

1,1,1,1,-61,-10,40,20,29
1,1,1,1,-61,10,40,20,16
1,1,1,1,-61,30,40,20,30

1,2,0,1,139,-10,66,8,0,0,null
1,2,0,1,139,10,42,8,0,0,null
1,2,0,1,139,30,42,8,0,0,null

1,3,1,1,-18,10,45,6,0,0,192,192,192
1,3,1,1,-18,30,45,6,0,0,192,192,192

4,3,1,1,-18,-10,45,6,0,0,173,189,0
4,3,1,1,-18,-10,45,6,0,0,254,253,0
4,3,1,1,-18,10,45,6,0,0,249,0,7
4,3,1,1,-18,30,45,6,0,0,29,0,254

4,3,1,1,-19,-10,46,6,0,3,92,48,205
1,3,1,1,-19,10,46,6,0,3,92,48,205
1,3,1,1,-19,30,46,6,0,3,92,48,205

1,2,1,1,0,49,16,15,0,0,b5
