104,5
;STATE,NEXT,COND,PARAM
0,4,1,15
0,2,8,80,30
0,3,8,80,45
0,1,0,85
4,0,0,60
4,0,2
2,4,1,100
3,4,1,100
1,17,11
1,18,12
1,5,4,40
1,19,4,50
1,10,4,52
1,7,5,35
1,8,5,55
1,9,5,70
1,10,5,72
1,21,5,85
17,1,0,90
17,0,0,100
18,1,0,90
18,0,0,100
5,26,0,100
26,1,3,100
26,1,5,100
26,12,7,35
26,1,0,20
12,6,0,100
6,0,2
6,0,6,5

19,20,0,100
10,16,0,100
7,13,0,100
8,14,0,100
9,15,0,100
21,22,0,100

20,20,10
20,0,12,25
20,19,4,15
20,8,4,25
20,10,4,27
20,7,5,30
20,10,5,32
20,8,5,50
20,9,5,70
20,21,5,80
20,1,0,90

13,13,10
13,19,4,25
13,10,4,27
13,7,5,30
13,10,5,32
13,8,5,50
13,9,5,60
13,21,5,75
13,1,0,85

14,14,10
14,19,4,20
14,10,4,22
14,7,4,35
14,12,4,50
14,7,5,30
14,10,5,32
14,8,5,45
14,9,5,60
14,21,5,75
14,0,0,100

15,15,10
15,19,4,15
15,10,4,16
15,8,4,25
15,7,5,30
15,10,5,31
15,8,5,45
15,9,5,50
15,21,5,65
15,0,0,90

16,16,10
16,1,13,70
16,0,13,100
16,0,5,10

22,22,10
22,19,4,25
22,10,4,26
22,7,5,30
22,10,5,31
22,8,5,60
22,9,5,80

11,11,10
11,12,8,30,70
11,1,0,80
11,0,0,100
24,21,0,60
23,21,0,60
23,1,0,100

25,25,10
25,19,4,15
25,10,4,20
25,7,5,20
25,10,5,23
25,8,5,50
25,9,5,65
25,21,5,75
25,0,0,100
