50,5
;STATE,NEXT,COND,PARAM
0,4,1,10
0,2,8,50,25
0,3,8,50,40
0,1,0,70
4,0,0,50
4,0,2
2,4,1,100
3,4,1,100
1,17,11
1,18,12
1,5,4,50
1,7,4,60
1,19,4,70
1,7,5,75
1,8,5,100
17,1,0,80
17,0,0,100
18,1,0,80
18,0,0,100
5,26,0,100
26,1,3,100
26,1,5,100
26,12,7,15
26,1,0,5
12,6,0,100
6,1,2
6,1,6,7

19,20,0,100
7,13,0,100
8,14,0,100

20,20,10
20,19,4,10
20,7,5,40
20,8,5,70
20,1,0,90

13,13,10
13,19,4,20
13,7,5,40
13,8,5,70
13,1,0,90

14,14,10
14,19,4,20
14,7,4,30
14,7,5,40
14,8,5,60
14,1,0,90

11,12,8,30,50
11,1,0,70
11,0,0,100
23,1,0,90
