32,12

1,4,1,0,68,24,79,31,12,0,t1
1,4,1,0,-68,24,79,31,20,0,t1
1,4,1,0,0,24,79,31,18,0,t2

1,1,0,0,145,55,86,20,32
3,1,1,2,0,-40,200,60,0

1,2,1,0,0,95,195,5,0,0,ud
1,2,1,0,0,123,195,5,0,0,ud
1,2,1,0,0,151,195,5,0,0,ud
1,2,1,0,0,179,195,5,0,0,ud
1,2,1,0,0,207,195,5,0,0,ud

2,2,1,0,0,75,220,35,0,0,null,sl0
2,2,1,0,0,103,220,35,0,0,null,sl0
2,2,1,0,0,131,220,35,0,0,null,sl0
2,2,1,0,0,159,220,35,0,0,null,sl0
2,2,1,0,0,187,220,35,0,0,null,sl0

1,2,0,0,35,82,24,20,0,0,null
1,2,0,0,35,110,24,20,0,0,null
1,2,0,0,35,138,24,20,0,0,null
1,2,0,0,35,166,24,20,0,0,null
1,2,0,0,35,194,24,20,0,0,null

1,1,0,0,60,82,110,20,0
1,1,0,0,60,110,110,20,0
1,1,0,0,60,138,110,20,0
1,1,0,0,60,166,110,20,0
1,1,0,0,60,194,110,20,0

1,1,0,0,170,82,46,20,0
1,1,0,0,170,110,46,20,0
1,1,0,0,170,138,46,20,0
1,1,0,0,170,166,46,20,0
1,1,0,0,170,194,46,20,0

1,2,1,0,0,67,17,10,0,0,a2
1,2,1,0,0,220,17,10,0,0,a8
