22,13

1,4,1,0,0,24,79,31,18,0,t1
1,4,1,0,-68,24,79,31,20,0,t1
1,4,1,0,68,24,79,31,12,0,t2

1,2,1,0,0,80,195,5,0,0,ud
1,2,1,0,0,102,195,5,0,0,ud
1,2,1,0,0,124,195,5,0,0,ud
1,2,1,0,0,146,195,5,0,0,ud

1,1,0,0,10,70,110,20,12;武器
1,1,0,0,10,92,110,20,13;等级
1,1,0,0,10,114,110,20,184;爆击
1,1,0,0,10,136,110,20,14;熟练

1,1,0,0,120,70,110,20,0;武器14
1,1,0,0,120,92,110,20,0;等级15
1,1,0,0,120,114,110,20,0;爆击16
1,1,0,0,120,136,110,20,0;熟练17

1,1,0,0,11,172,84,20,63
1,2,0,0,27,200,33,20,0,0,null;图标19
1,2,0,0,17,224,33,20,0,0,null;图标20
1,2,0,0,17,248,33,20,0,0,null;图标21

3,1,0,0,65,192,160,80,0,0,0;说明
1,2,1,0,0,165,17,10,0,0,a2
1,2,1,2,0,-40,17,10,0,0,a8
