31,12

1,4,1,0,0,24,141,31,17,0,t1l
2,2,0,2,20,-188,61,69,0,0,null,xz1
2,2,0,2,90,-188,61,69,0,0,null,xz1
2,2,0,2,160,-188,61,69,0,0,null,xz1
2,2,0,2,20,-118,61,69,0,0,null,xz1
2,2,0,2,90,-118,61,69,0,0,null,xz1
2,2,0,2,160,-118,61,69,0,0,null,xz1
1,2,0,2,22,-190,57,65,0,0,xz
1,2,0,2,92,-190,57,65,0,0,xz
1,2,0,2,162,-190,57,65,0,0,xz
1,2,0,2,22,-120,57,65,0,0,xz
1,2,0,2,92,-120,57,65,0,0,xz
1,2,0,2,162,-120,57,65,0,0,xz
1,2,0,2,22,-190,67,69,0,0,h1
1,2,0,2,92,-190,67,69,0,0,h3
1,2,0,2,162,-190,67,69,0,0,h0
1,2,0,2,22,-120,67,69,0,0,h4
1,2,0,2,92,-120,67,69,0,0,h2
1,2,0,2,162,-120,67,69,0,0,h5
3,1,1,2,0,-40,215,70,0
1,2,0,2,93,-214,55,17,0,0,nc
1,2,0,2,163,-214,55,17,0,0,nc
1,2,0,2,23,-144,55,17,0,0,nc
1,2,0,2,93,-144,55,17,0,0,nc
1,2,0,2,163,-144,55,17,0,0,nc
1,2,0,2,38,-190,41,32,0,0,c
1,2,0,2,108,-190,41,32,0,0,c
1,2,0,2,178,-190,41,32,0,0,c
1,2,0,2,38,-120,41,32,0,0,c
1,2,0,2,108,-120,41,32,0,0,c
1,2,0,2,178,-120,41,32,0,0,c
