25,13

1,2,1,0,0,60,150,14,0,1,r1
1,2,1,0,-81,57,12,111,0,2,r2
1,2,1,0,81,57,12,111,0,0,r2
1,2,1,0,-81,163,12,111,0,2,r3
1,2,1,0,81,163,12,111,0,0,r3
1,2,1,0,0,260,150,14,0,0,r1
1,3,1,0,0,74,150,186,0,0,255,255,255
1,2,1,0,0,262,16,15,0,0,b5
1,2,1,0,0,85,132,24,0,0,sj

1,1,0,0,50,130,30,20,13
1,1,0,0,50,155,30,20,29
1,1,0,0,50,180,30,20,16
1,1,0,0,50,205,30,20,30

1,1,0,0,80,130,40,20,0;等级13
1,2,0,0,120,130,24,14,0,0,jt
1,1,0,0,145,130,50,20,0;等级15

1,1,0,0,80,155,40,20,0;生命16
1,2,0,0,120,155,24,14,0,0,jt
1,1,0,0,145,155,50,20,0;生命18

1,1,0,0,80,180,40,20,0;攻击19
1,2,0,0,120,180,24,14,0,0,jt
1,1,0,0,145,180,50,20,0;攻击21

1,1,0,0,80,205,40,20,0;防御22
1,2,0,0,120,205,24,14,0,0,jt
1,1,0,0,145,205,50,20,0;防御24
